6 16
1 0.001
1e-50,1e-50,1e-50,1e-50 10.0,1e-50,1e-50,1e-50 1e-50,10.0,10.0,10.0 10.0,10.0,10.0,10.0


1 # 5 0 0 1 : -16.70349113577465 -16.932263313945704 -17.365410139056348 -17.381066741694383
2 # 4 1 1 0 : -17.489236934374738 -17.40365502509923 -17.40952887494657 -17.406298477816886
3 # 4 1 0 1 : -19.96858411746791 -19.982203123341886 -19.927205007107883 -19.926984537511107
4 # 3 2 1 0 : -20.01475674879536 -20.006219850301875 -19.923037908910405 -19.92311399160089
5 # 4 0 0 2 : -18.225929388359617 -18.977214650526122 -21.162847134697103 -21.346123385409292
6 # 3 1 1 1 : -27.383606543327083 -21.0488142477314 -21.555472778011726 -21.55979791012078
7 # 2 2 2 0 : -22.648615123783276 -22.110747755122947 -21.704074302837245 -21.651094807505313
8 # 3 2 0 1 : -20.333521943329448 -20.333127548238505 -20.260089455647726 -20.260067625858053
9 # 2 3 1 0 : -20.333521943329448 -20.333127548238505 -20.260089455647726 -20.260067625858053
10 # 3 1 0 2 : -22.434271587280247 -22.890828498346412 -22.694264200107813 -22.723062060451728
11 # 2 2 1 1 : -28.32106985782056 -23.778707800570587 -22.78920944576985 -22.7684212347748
12 # 1 3 2 0 : -22.434271587280247 -22.890828498346412 -22.694264200107813 -22.723062060451728
13 # 3 0 0 3 : -18.522860430164613 -19.364036369324474 -21.571670796372906 -21.665701835358014
14 # 2 1 1 2 : -29.29374619305075 -21.288978848632723 -21.748355421649833 -21.736659352068635
15 # 1 2 2 1 : -29.29374619305075 -21.288978848632723 -21.748355421649833 -21.736659352068635
16 # 0 3 3 0 : -18.522860430164613 -19.364036369324474 -21.571670796372906 -21.665701835358014
